  0, ( 814,  851,   42,   42), addHartButton,
  1, (1607,  697,   23,   14), arrow_0up,
  2, ( 814,  896,   23,   14), arrow_1down,
  3, (2008,  654,   18,   23), arrow_2right_up,
  4, (2008,  629,   19,   22), arrow_3left_down,
  5, (2008,  603,   19,   23), arrow_4right_down,
  6, (1396,  900,   18,   23), arrow_5left_up,
  7, (  18,   18,  640,  960), background_set,
  8, (1095,  417,  110,  110), big_particle,
  9, (1845, 1222,  111,   96), blackHex,
 10, (1209,  412,  435,  128), bonus_money_1,
 11, ( 661,  533,  332,  124), bonus_money_2,
 12, ( 283, 1444,   38,   37), clearTarget_2,
 13, (1554, 1149,   45,   39), clearTarget_3,
 14, (1590, 1685,  259,   25), clearTarget_4,
 15, (1955, 1331,   68,   68), clearTarget_icon1,
 16, (1030,  232,  100,   60), clearTarget_icon2,
 17, (1098, 1658,   90,   78), clearTarget_icon3,
 18, (1305, 1832,  408,    5), clearTarget_line,
 19, (  18, 1669,  280,   25), clearTarget_text3,
 20, ( 461, 1719,  157,   35), clearTarget_title,
 21, (1431, 1093,   40,   40), coinDol_00,
 22, (1379, 1198,   40,   40), coinDol_01,
 23, (1493, 1254,   40,   40), coinDol_02,
 24, ( 483, 1301,   40,   40), coinDol_03,
 25, (1323, 1391,   40,   40), coinDol_04,
 26, ( 430, 1395,   40,   40), coinDol_05,
 27, ( 283, 1401,   40,   40), coinDol_06,
 28, ( 920, 1421,   40,   40), coinDol_07,
 29, (1412, 1439,   40,   40), coinEuro_00,
 30, ( 519, 1463,   40,   40), coinEuro_01,
 31, ( 920, 1464,   40,   40), coinEuro_02,
 32, (1098, 1570,   40,   40), coinEuro_03,
 33, ( 875, 1599,   40,   40), coinEuro_04,
 34, (1098, 1613,   40,   40), coinEuro_05,
 35, ( 639, 1630,   40,   40), coinEuro_06,
 36, ( 875, 1642,   40,   40), coinEuro_07,
 37, ( 258, 1697,   40,   40), coinGen_00,
 38, ( 578, 1757,   40,   40), coinGen_01,
 39, (1982, 1807,   40,   40), coinGen_02,
 40, (1968, 1850,   40,   40), coinGen_03,
 41, ( 522, 1861,   40,   40), coinGen_04,
 42, (1631, 1877,   40,   40), coinGen_05,
 43, (1872, 1882,   40,   40), coinGen_06,
 44, (1915, 1882,   40,   40), coinGen_07,
 45, ( 565, 1883,   40,   40), coinYen_00,
 46, (  18, 1890,   40,   40), coinYen_01,
 47, (  61, 1890,   40,   40), coinYen_02,
 48, ( 372, 1484,   40,   40), coinYen_03,
 49, (1009, 1509,   40,   40), coinYen_04,
 50, (1590, 1521,   40,   40), coinYen_05,
 51, ( 697, 1541,   40,   40), coinYen_06,
 52, ( 461, 1552,   40,   40), coinYen_07,
 53, ( 732, 1079,   70,   70), config,
 54, ( 808, 1055,  128,  128), dateFont,
 55, (1852, 1685,   80,   80), dol_0,
 56, ( 863, 1334,   98,   84), dol_1,
 57, (1005, 1742,   46,   90), dol_2,
 58, (1918, 1117,  103,   91), dol_3,
 59, (1141, 1739,   46,   98), dol_4,
 60, (1862, 1321,   90,   94), dol_5,
 61, (1493, 1326,   90,   94), dol_6,
 62, ( 149, 1055,  128,  128), dynamiteFont,
 63, (1586, 1326,   78,  103), dynamite_1_yellow,
 64, ( 483, 1357,   78,  103), dynamite_2_blue,
 65, (1647,  412,   78,  103), dynamite_3_green,
 66, (1948,  695,   78,  103), dynamite_4_red,
 67, ( 873, 1805,  125,   32), effect_flip,
 68, (  18, 1484,   80,   80), euro_0,
 69, ( 762, 1334,   98,   84), euro_1,
 70, (1668, 1227,   46,   90), euro_2,
 71, (1265, 1297,  102,   91), euro_3,
 72, (1092, 1739,   46,   98), euro_4,
 73, (  18, 1390,   84,   91), euro_5,
 74, ( 196, 1579,   84,   87), euro_6,
 75, (1795,  986,  132,  128), explosion,
 76, ( 939, 1093,  120,  102), fence1_1,
 77, (1062, 1093,  120,  102), fence1_2,
 78, (1185, 1093,  120,  102), fence1_3,
 79, (1308, 1093,  120,  102), fence1_4,
 80, (1795, 1117,  120,  102), fence1_5,
 81, (1608, 1122,  120,  102), fence1_6,
 82, (1431, 1149,  120,  102), fence1_7,
 83, ( 546, 1153,  120,  102), fence2_1,
 84, ( 669, 1153,  120,  102), fence2_2,
 85, (  18, 1186,  120,  102), fence2_3,
 86, ( 141, 1186,  120,  102), fence2_4,
 87, ( 792, 1186,  120,  102), fence2_5,
 88, ( 411, 1196,  120,  102), fence2_6,
 89, ( 915, 1198,  120,  102), fence2_7,
 90, (1440, 1704,  117,   49), fire_dol_0,
 91, (1680, 1713,  116,   49), fire_dol_1,
 92, ( 301, 1662,   44,  115), fire_dol_2,
 93, (1935, 1691,   44,  114), fire_dol_3,
 94, (1191, 1706,  117,   49), fire_euro_0,
 95, (1560, 1713,  117,   49), fire_euro_1,
 96, ( 348, 1730,   44,  111), fire_euro_2,
 97, (1978,  801,   44,  118), fire_euro_3,
 98, ( 639, 1688,  117,   49), fire_gen_0,
 99, (  18, 1697,  117,   49), fire_gen_1,
100, (1799, 1713,   44,  112), fire_gen_2,
101, (1959, 1211,   44,  117), fire_gen_3,
102, ( 138, 1697,  117,   49), fire_yen_0,
103, (1320, 1699,  117,   49), fire_yen_1,
104, ( 958, 1687,   44,  115), fire_yen_2,
105, (1982, 1691,   44,  113), fire_yen_3,
106, ( 814,  919,  151,  133), flip_blue,
107, (1641,  986,  151,  133), flip_orange,
108, ( 661,  417,  431,  113), flip_txt,
109, (1146,  140,  422,  154), gameClear_1,
110, (1571,  140,  414,  148), gameClear_2,
111, (2017,  252,    4,   18), gauge_on_center_4x18,
112, (1988,  252,    4,   18), gauge_on_center_lighten_4x18,
113, (1133,  232,    7,   16), gauge_on_left,
114, (1133,  251,    7,   16), gauge_on_left_lighten,
115, (1978,  922,   49,   48), gauge_shutter,
116, (1607,  660,   36,   34), gauge_star_1,
117, (1191, 1658,   36,   34), gauge_star_2,
118, (1009, 1659,   80,   80), gen_0,
119, ( 964, 1334,   98,   83), gen_1,
120, (1257, 1758,   45,   88), gen_2,
121, ( 378, 1301,  102,   91), gen_3,
122, (1731, 1122,   45,   97), gen_4,
123, (1510, 1610,   77,   91), gen_5,
124, ( 564, 1357,   88,   91), gen_6,
125, (1736,  291,  194,  236), hero_yen_smile,
126, ( 411, 1079,  132,  114), hexBase,
127, ( 534, 1258,  111,   96), hex_0,
128, ( 648, 1258,  111,   96), hex_1,
129, (1265, 1198,  111,   96), hex_2,
130, ( 264, 1205,  111,   96), hex_3,
131, (1731, 1222,  111,   96), hex_4,
132, (1332, 1528,   66,   66), item1,
133, ( 621, 1740,   66,   66), item2,
134, (1154, 1392,   67,   67), item3,
135, ( 280, 1074,  128,  128), itemFont2,
136, (1672,  833,  150,  150), item_icon_10001,
137, (1825,  833,  150,  150), item_icon_10002,
138, ( 661,  851,  150,  150), item_icon_10003,
139, ( 991,  865,  150,  150), item_icon_10004,
140, ( 759, 1688,   78,   70), key_,
141, (1250,  734,  165,  163), light_0,
142, (1930, 1083,   31,   31), light_1,
143, ( 731, 1902,   32,   32), light_color_0,
144, (1180, 1899,   32,   32), light_color_1,
145, (1215, 1899,   32,   32), light_color_2,
146, ( 696, 1902,   32,   32), light_color_3,
147, (2007,   18,   18,  114), line_bg_1,
148, (1988,  135,   18,  114), line_bg_2,
149, (2009,  135,   18,  114), line_bg_3,
150, (1996,  252,   18,  114), line_bg_4,
151, (1930,  986,   94,   94), line_sign_bg_1,
152, ( 244, 1304,   94,   94), line_sign_bg_2,
153, (1668, 1321,   94,   94), line_sign_bg_3,
154, (1765, 1321,   94,   94), line_sign_bg_4,
155, (1996,  369,   18,  114), line_top_1,
156, (2008,  486,   18,  114), line_top_2,
157, (1607,  543,   18,  114), line_top_3,
158, (2006, 1211,   18,  114), line_top_4,
159, (  18, 1291,  110,   96), lock_1,
160, ( 131, 1291,  110,   96), lock_2,
161, (1212,  865,   32,   32), miniStar_0001,
162, (1554, 1191,   32,   32), miniStar_0002,
163, ( 341, 1304,   32,   32), miniStar_0003,
164, ( 341, 1339,   32,   32), miniStar_0004,
165, ( 840, 1688,   32,   32), miniStar_0005,
166, ( 840, 1723,   32,   32), miniStar_0006,
167, (1054, 1742,   32,   32), miniStar_0007,
168, ( 873, 1770,   32,   32), miniStar_0008,
169, ( 908, 1770,   32,   32), miniStar_0009,
170, (1054, 1777,   32,   32), miniStar_0010,
171, ( 286, 1780,   32,   32), miniStar_0011,
172, ( 956, 1877,   32,   32), miniStar_0012,
173, ( 104, 1890,   32,   32), miniStar_0013,
174, ( 139, 1890,   32,   32), miniStar_0014,
175, ( 174, 1890,   32,   32), miniStar_0015,
176, ( 209, 1890,   32,   32), miniStar_0016,
177, ( 244, 1890,   32,   32), miniStar_0017,
178, ( 279, 1890,   32,   32), miniStar_0018,
179, (1958, 1893,   32,   32), miniStar_0019,
180, (1993, 1893,   32,   32), miniStar_0020,
181, (1674, 1894,   32,   32), miniStar_0021,
182, (1709, 1894,   32,   32), miniStar_0022,
183, ( 396, 1898,   32,   32), miniStar_0023,
184, ( 431, 1898,   32,   32), miniStar_0024,
185, ( 466, 1898,   32,   32), miniStar_0025,
186, (1933,  484,   60,   34), paperDol_00,
187, (1243, 1480,   60,   34), paperDol_01,
188, (1846, 1768,   60,   34), paperDol_02,
189, (1846, 1805,   60,   34), paperDol_03,
190, (1909, 1808,   60,   34), paperDol_04,
191, ( 578, 1809,   60,   34), paperDol_05,
192, (  18, 1816,   60,   34), paperDol_06,
193, (  81, 1816,   60,   34), paperDol_07,
194, ( 144, 1816,   60,   34), paperDol_08,
195, ( 704, 1865,   60,   34), paperDol_09,
196, ( 767, 1865,   60,   34), paperDol_10,
197, (1746, 1865,   60,   34), paperDol_11,
198, ( 633, 1872,   60,   34), paperDol_12,
199, ( 991, 1872,   60,   34), paperDol_13,
200, ( 830, 1877,   60,   34), paperDol_14,
201, ( 893, 1877,   60,   34), paperEuro_00,
202, (1054, 1877,   60,   34), paperEuro_01,
203, (1117, 1877,   60,   34), paperEuro_02,
204, (1253, 1877,   60,   34), paperEuro_03,
205, (1316, 1877,   60,   34), paperEuro_04,
206, (1379, 1877,   60,   34), paperEuro_05,
207, (1442, 1877,   60,   34), paperEuro_06,
208, (1505, 1877,   60,   34), paperEuro_07,
209, (1568, 1877,   60,   34), paperEuro_08,
210, (1809, 1879,   60,   34), paperEuro_09,
211, ( 333, 1881,   60,   34), paperEuro_10,
212, ( 207, 1816,   60,   34), paperEuro_11,
213, ( 270, 1816,   60,   34), paperEuro_12,
214, (1716, 1820,   60,   34), paperEuro_13,
215, ( 444, 1824,   60,   34), paperEuro_14,
216, ( 507, 1824,   60,   34), paperGen_00,
217, (1190, 1825,   60,   34), paperGen_01,
218, ( 739, 1828,   60,   34), paperGen_02,
219, ( 802, 1828,   60,   34), paperGen_03,
220, (1779, 1828,   60,   34), paperGen_04,
221, ( 641, 1835,   60,   34), paperGen_05,
222, (1001, 1835,   60,   34), paperGen_06,
223, ( 865, 1840,   60,   34), paperGen_07,
224, ( 928, 1840,   60,   34), paperGen_08,
225, (1064, 1840,   60,   34), paperGen_09,
226, (1127, 1840,   60,   34), paperGen_10,
227, (1305, 1840,   60,   34), paperGen_11,
228, (1368, 1840,   60,   34), paperGen_12,
229, (1431, 1840,   60,   34), paperGen_13,
230, (1494, 1840,   60,   34), paperGen_14,
231, (1557, 1840,   60,   34), paperYen_00,
232, (1620, 1840,   60,   34), paperYen_01,
233, (1842, 1842,   60,   34), paperYen_02,
234, ( 333, 1844,   60,   34), paperYen_03,
235, (1905, 1845,   60,   34), paperYen_04,
236, ( 570, 1846,   60,   34), paperYen_05,
237, (  18, 1853,   60,   34), paperYen_06,
238, (  81, 1853,   60,   34), paperYen_07,
239, ( 144, 1853,   60,   34), paperYen_08,
240, ( 207, 1853,   60,   34), paperYen_09,
241, ( 270, 1853,   60,   34), paperYen_10,
242, (1683, 1857,   60,   34), paperYen_11,
243, ( 396, 1861,   60,   34), paperYen_12,
244, ( 459, 1861,   60,   34), paperYen_13,
245, (1190, 1862,   60,   34), paperYen_14,
246, (1477, 1018,  128,  128), pushBtn_base_off,
247, (  18, 1055,  128,  128), pushBtn_base_on,
248, ( 105, 1390,   86,   86), radialStar00,
249, (1234, 1391,   86,   86), radialStar01,
250, (1065, 1392,   86,   86), radialStar02,
251, ( 341, 1395,   86,   86), radialStar03,
252, ( 194, 1401,   86,   86), radialStar04,
253, (1667, 1418,   86,   86), radialStar05,
254, (1756, 1418,   86,   86), radialStar06,
255, (1845, 1418,   86,   86), radialStar07,
256, (1934, 1418,   86,   86), radialStar08,
257, ( 964, 1420,   86,   86), radialStar09,
258, ( 742, 1421,   86,   86), radialStar10,
259, ( 831, 1421,   86,   86), radialStar11,
260, (1470, 1423,   86,   86), radialStar12,
261, (1559, 1432,   86,   86), radialStar13,
262, (1323, 1439,   86,   86), radialStar14,
263, (1142, 1569,   86,   86), radialStar15,
264, (1009, 1570,   86,   86), radialStar16,
265, ( 283, 1573,   86,   86), radialStar17,
266, ( 107, 1579,   86,   86), radialStar18,
267, (1590, 1596,   86,   86), radialStar19,
268, (1679, 1596,   86,   86), radialStar20,
269, (1768, 1596,   86,   86), radialStar21,
270, (1857, 1596,   86,   86), radialStar22,
271, ( 920, 1598,   86,   86), radialStar23,
272, ( 697, 1599,   86,   86), radialStar24,
273, ( 786, 1599,   86,   86), radialStar25,
274, (1332, 1601,   86,   86), radialStar26,
275, (1421, 1610,   86,   86), radialStar27,
276, (1231, 1617,   86,   86), radialStar28,
277, ( 461, 1629,   86,   86), radialStar29,
278, ( 550, 1630,   86,   86), radialStar30,
279, ( 372, 1641,   86,   86), radialStar31,
280, ( 564, 1451,   86,   86), radialStar32,
281, ( 653, 1452,   86,   86), radialStar33,
282, ( 430, 1463,   86,   86), radialStar34,
283, ( 105, 1479,   86,   86), radialStar35,
284, (1154, 1480,   86,   86), radialStar36,
285, (1053, 1481,   86,   86), radialStar37,
286, ( 283, 1484,   86,   86), radialStar38,
287, ( 194, 1490,   86,   86), radialStar39,
288, (1648, 1507,   86,   86), radialStar40,
289, (1737, 1507,   86,   86), radialStar41,
290, (1826, 1507,   86,   86), radialStar42,
291, (1915, 1507,   86,   86), radialStar43,
292, ( 920, 1509,   86,   86), radialStar44,
293, ( 742, 1510,   86,   86), radialStar45,
294, ( 831, 1510,   86,   86), radialStar46,
295, (1412, 1512,   86,   86), radialStar47,
296, (1501, 1521,   86,   86), radialStar48,
297, (1243, 1528,   86,   86), radialStar49,
298, ( 519, 1540,   86,   86), radialStar50,
299, ( 608, 1541,   86,   86), radialStar51,
300, ( 372, 1552,   86,   86), radialStar52,
301, (  18, 1568,   86,   86), radialStar53,
302, ( 991,  734,  256,  128), scoreFont,
303, (1777,  126,    8,    8), score_bar_light,
304, (1607,  721,  338,  109), shuffle_arrow_1,
305, (1777,   18,  227,  105), shuffle_arrow_2,
306, (1209,  297,  524,  112), shuffle_main,
307, ( 661,  232,  366,   30), shuffle_sub,
308, (1152, 1198,  110,   97), shutter_,
309, (  18, 1749,   64,   64), smoke_00,
310, (  85, 1749,   64,   64), smoke_01,
311, ( 152, 1749,   64,   64), smoke_02,
312, ( 219, 1749,   64,   64), smoke_03,
313, (1311, 1751,   64,   64), smoke_04,
314, (1378, 1756,   64,   64), smoke_05,
315, (1445, 1756,   64,   64), smoke_06,
316, ( 444, 1757,   64,   64), smoke_07,
317, ( 511, 1757,   64,   64), smoke_08,
318, (1190, 1758,   64,   64), smoke_09,
319, ( 739, 1761,   64,   64), smoke_10,
320, ( 806, 1761,   64,   64), smoke_11,
321, (1512, 1765,   64,   64), smoke_12,
322, (1579, 1765,   64,   64), smoke_13,
323, (1646, 1765,   64,   64), smoke_14,
324, (1713, 1765,   60,   52), stoneLv2_crash_l,
325, (1948,  801,   26,   22), stoneLv2_crash_s,
326, (1065, 1334,   60,   52), stone_crash_l,
327, (1891,  695,   26,   22), stone_crash_s,
328, (1554, 1227,  111,   96), stone_level1,
329, (1379, 1254,  111,   96), stone_level2,
330, (1038, 1198,  111,   97), stone_level2_2,
331, (1146,   18,  628,  119), timeUp_main,
332, ( 661,  265,  364,   28), timeUp_sub,
333, ( 661,  297,  545,  117), turnEnd_main,
334, ( 762, 1303,  364,   28), turnEnd_sub,
335, ( 860,  660,  128,  256), turnFont,
336, (1144,  865,   65,   23), turn_txt0,
337, (1920,  695,   23,   23), turn_txt1,
338, (1891,  530,  114,  162), tutorial_finger,
339, ( 308,  981,  225,   90), tutorial_stage01_text01,
340, (1418,  734,  171,   90), tutorial_stage01_text02,
341, ( 968, 1018,  254,   72), tutorial_stage01_text03,
342, (1396,  926,  242,   89), tutorial_stage01_text04,
343, (1144,  900,  249,   90), tutorial_stage02_text01,
344, ( 536, 1004,  269,   72), tutorial_stage02_text02,
345, (1418,  833,  251,   90), tutorial_stage03_text01,
346, ( 546, 1079,  183,   71), tutorial_stage04_text01,
347, (  18,  981,  287,   71), tutorial_stage05_text01,
348, (1225, 1018,  249,   72), tutorial_stage05_text02,
349, ( 996,  533,  203,  188), tutorial_yukichi_01_normal,
350, (1202,  543,  203,  188), tutorial_yukichi_02_smile,
351, (1647,  530,  241,  188), tutorial_yukichi_03_happy,
352, (1408,  543,  196,  188), tutorial_yukichi_04_surprise,
353, ( 661,  660,  196,  188), tutorial_yukichi_05_sad,
354, (1933,  291,   60,  190), window_common_base,
355, ( 875, 1687,   80,   80), yen_0,
356, (1370, 1353,   97,   83), yen_1,
357, ( 395, 1730,   46,   98), yen_2,
358, (1129, 1298,  102,   91), yen_3,
359, ( 690, 1740,   46,   92), yen_4,
360, (1946, 1596,   79,   92), yen_5,
361, ( 655, 1357,   84,   92), yen_6,
362, ( 661,   18,  482,  211), zannen_1,
